36
3
3 2 3
-0.5   -0.5   -0.5   0.0    0.0   0.0    0.0   -1.0  
0.5   -0.5   -0.5   1.0    0.0   0.0    0.0   -1.0   
0.5    0.5   -0.5   1.0    1.0   0.0    0.0   -1.0   
0.5    0.5   -0.5   1.0    1.0   0.0    0.0   -1.0   
-0.5    0.5   -0.5   0.0    1.0   0.0    0.0   -1.0   
-0.5   -0.5   -0.5   0.0    0.0   0.0    0.0   -1.0   

-0.5   -0.5    0.5   0.0    0.0   0.0    0.0    1.0   
0.5   -0.5    0.5   1.0    0.0   0.0    0.0    1.0   
0.5    0.5    0.5   1.0    1.0   0.0    0.0    1.0   
0.5    0.5    0.5   1.0    1.0   0.0    0.0    1.0   
-0.5    0.5    0.5   0.0    1.0   0.0    0.0    1.0   
-0.5   -0.5    0.5   0.0    0.0   0.0    0.0    1.0   

-0.5    0.5    0.5   1.0    0.0  -1.0    0.0    0.0   
-0.5    0.5   -0.5   1.0    1.0  -1.0    0.0    0.0   
-0.5   -0.5   -0.5   0.0    1.0  -1.0    0.0    0.0   
-0.5   -0.5   -0.5   0.0    1.0  -1.0    0.0    0.0   
-0.5   -0.5    0.5   0.0    0.0  -1.0    0.0    0.0   
-0.5    0.5    0.5   1.0    0.0  -1.0    0.0    0.0   

0.5    0.5    0.5   1.0    0.0   1.0    0.0    0.0   
0.5    0.5   -0.5   1.0    1.0   1.0    0.0    0.0   
0.5   -0.5   -0.5   0.0    1.0   1.0    0.0    0.0   
0.5   -0.5   -0.5   0.0    1.0   1.0    0.0    0.0   
0.5   -0.5    0.5   0.0    0.0   1.0    0.0    0.0   
0.5    0.5    0.5   1.0    0.0   1.0    0.0    0.0   

-0.5   -0.5   -0.5   0.0    1.0   0.0   -1.0    0.0   
0.5   -0.5   -0.5   1.0    1.0   0.0   -1.0    0.0   
0.5   -0.5    0.5   1.0    0.0   0.0   -1.0    0.0   
0.5   -0.5    0.5   1.0    0.0   0.0   -1.0    0.0   
-0.5   -0.5    0.5   0.0    0.0   0.0   -1.0    0.0   
-0.5   -0.5   -0.5   0.0    1.0   0.0   -1.0    0.0   

-0.5    0.5   -0.5   0.0    1.0   0.0    1.0    0.0   
0.5    0.5   -0.5   1.0    1.0   0.0    1.0    0.0   
0.5    0.5    0.5   1.0    0.0   0.0    1.0    0.0   
0.5    0.5    0.5   1.0    0.0   0.0    1.0    0.0   
-0.5    0.5    0.5   0.0    0.0   0.0    1.0    0.0   
-0.5    0.5   -0.5   0.0    1.0   0.0    1.0    0.0  