703
0.0031851 0 4 0 0 0.000796274 0 1
0.00313676 0.000552809 4 0.0277778 0 0.000784189 0.000138202 1
0.0029932 0.00108884 4 0.0555556 0 0.000748301 0.000272209 1
0.0027588 0.00159182 4 0.0833333 0 0.000689699 0.000397954 1
0.00244065 0.00204648 4 0.111111 0 0.000610163 0.000511619 1
0.00204842 0.00243902 4 0.138889 0 0.000512105 0.000609755 1
0.00159401 0.00275753 4 0.166667 0 0.000398503 0.000689382 1
0.00109122 0.00299234 4 0.194444 0 0.000272805 0.000748084 1
0.000555306 0.00313632 4 0.222222 0 0.000138827 0.000784079 1
2.53621e-06 0.0031851 4 0.25 0 6.34053e-07 0.000796274 1
-0.000550311 0.0031372 4 0.277778 0 -0.000137578 0.000784299 1
-0.00108645 0.00299407 4 0.305556 0 -0.000271613 0.000748518 1
-0.00158962 0.00276006 4 0.333333 0 -0.000397405 0.000690016 1
-0.00204453 0.00244228 4 0.361111 0 -0.000511133 0.00061057 1
-0.00243739 0.00205036 4 0.388889 0 -0.000609347 0.00051259 1
-0.00275626 0.00159621 4 0.416667 0 -0.000689065 0.000399052 1
-0.00299147 0.0010936 4 0.444444 0 -0.000747867 0.000273401 1
-0.00313587 0.000557803 4 0.472222 0 -0.000783968 0.000139451 1
-0.00318509 5.07242e-06 4 0.5 0 -0.000796273 1.26811e-06 1
-0.00313763 -0.000547813 4 0.527778 0 -0.000784408 -0.000136953 1
-0.00299494 -0.00108407 4 0.555556 0 -0.000748734 -0.000271017 1
-0.00276133 -0.00158742 4 0.583333 0 -0.000690332 -0.000396855 1
-0.00244391 -0.00204259 4 0.611111 0 -0.000610977 -0.000510647 1
-0.0020523 -0.00243575 4 0.638889 0 -0.000513076 -0.000608939 1
-0.0015984 -0.00275499 4 0.666667 0 -0.0003996 -0.000688747 1
-0.00109599 -0.0029906 4 0.694444 0 -0.000273996 -0.000747649 1
-0.0005603 -0.00313543 4 0.722222 0 -0.000140075 -0.000783857 1
-7.60901e-06 -0.00318509 4 0.75 0 -1.90225e-06 -0.000796272 1
0.000545314 -0.00313807 4 0.777778 0 0.000136329 -0.000784517 1
0.00108168 -0.0029958 4 0.805556 0 0.000270421 -0.000748949 1
0.00158522 -0.00276259 4 0.833333 0 0.000396305 -0.000690648 1
0.00204064 -0.00244553 4 0.861111 0 0.00051016 -0.000611383 1
0.00243412 -0.00205424 4 0.888889 0 0.00060853 -0.00051356 1
0.00275371 -0.00160059 4 0.916667 0 0.000688429 -0.000400149 1
0.00298972 -0.00109837 4 0.944444 0 0.00074743 -0.000274591 1
0.00313498 -0.000562796 4 0.972222 0 0.000783745 -0.000140699 1
0.00318508 -1.01448e-05 4 1 0 0.00079627 -2.53621e-06 1
0.697381 0 3.93874 0 0.0555556 0.174345 0 0.984685
0.686797 0.121038 3.93874 0.0277778 0.0555556 0.171699 0.0302595 0.984685
0.655366 0.238402 3.93874 0.0555556 0.0555556 0.163841 0.0596006 0.984685
0.604042 0.34853 3.93874 0.0833333 0.0555556 0.15101 0.0871325 0.984685
0.534383 0.448079 3.93874 0.111111 0.0555556 0.133596 0.11202 0.984685
0.448504 0.534026 3.93874 0.138889 0.0555556 0.112126 0.133507 0.984685
0.349011 0.603764 3.93874 0.166667 0.0555556 0.0872527 0.150941 0.984685
0.238924 0.655176 3.93874 0.194444 0.0555556 0.059731 0.163794 0.984685
0.121585 0.6867 3.93874 0.222222 0.0555556 0.0303962 0.171675 0.984685
0.000555306 0.69738 3.93874 0.25 0.0555556 0.000138827 0.174345 0.984685
-0.120491 0.686893 3.93874 0.277778 0.0555556 -0.0301228 0.171723 0.984685
-0.23788 0.655555 3.93874 0.305556 0.0555556 -0.0594701 0.163889 0.984685
-0.348049 0.604319 3.93874 0.333333 0.0555556 -0.0870122 0.15108 0.984685
-0.447653 0.53474 3.93874 0.361111 0.0555556 -0.111913 0.133685 0.984685
-0.533669 0.448929 3.93874 0.388889 0.0555556 -0.133417 0.112232 0.984685
-0.603486 0.349492 3.93874 0.416667 0.0555556 -0.150872 0.0873729 0.984685
-0.654985 0.239446 3.93874 0.444444 0.0555556 -0.163746 0.0598614 0.984685
-0.686603 0.122132 3.93874 0.472222 0.0555556 -0.171651 0.0305329 0.984685
-0.69738 0.00111061 3.93874 0.5 0.0555556 -0.174345 0.000277653 0.984685
-0.686988 -0.119944 3.93874 0.527778 0.0555556 -0.171747 -0.029986 0.984685
-0.655744 -0.237358 3.93874 0.555556 0.0555556 -0.163936 -0.0593396 0.984685
-0.604596 -0.347568 3.93874 0.583333 0.0555556 -0.151149 -0.0868919 0.984685
-0.535096 -0.447227 3.93874 0.611111 0.0555556 -0.133774 -0.111807 0.984685
-0.449354 -0.533311 3.93874 0.638889 0.0555556 -0.112338 -0.133328 0.984685
-0.349972 -0.603208 3.93874 0.666667 0.0555556 -0.087493 -0.150802 0.984685
-0.239967 -0.654794 3.93874 0.694444 0.0555556 -0.0599918 -0.163699 0.984685
-0.122678 -0.686505 3.93874 0.722222 0.0555556 -0.0306696 -0.171626 0.984685
-0.001666 -0.697379 3.93874 0.75 0.0555556 -0.0004165 -0.174345 0.984685
0.119397 -0.687084 3.93874 0.777778 0.0555556 0.0298493 -0.171771 0.984685
0.236836 -0.655933 3.93874 0.805556 0.0555556 0.059209 -0.163983 0.984685
0.347086 -0.604873 3.93874 0.833333 0.0555556 0.0867715 -0.151218 0.984685
0.446801 -0.535452 3.93874 0.861111 0.0555556 0.1117 -0.133863 0.984685
0.532953 -0.449778 3.93874 0.888889 0.0555556 0.133238 -0.112445 0.984685
0.602929 -0.350452 3.93874 0.916667 0.0555556 0.150732 -0.087613 0.984685
0.654603 -0.240488 3.93874 0.944444 0.0555556 0.163651 -0.0601221 0.984685
0.686408 -0.123225 3.93874 0.972222 0.0555556 0.171602 -0.0308062 0.984685
0.697377 -0.00222122 3.93874 1 0.0555556 0.174344 -0.000555305 0.984685
1.37041 0 3.75792 0 0.111111 0.342602 0 0.939481
1.34961 0.237849 3.75792 0.0277778 0.111111 0.337402 0.0594624 0.939481
1.28785 0.468479 3.75792 0.0555556 0.111111 0.321961 0.11712 0.939481
1.18699 0.684889 3.75792 0.0833333 0.111111 0.296748 0.171222 0.939481
1.05011 0.88051 3.75792 0.111111 0.111111 0.262526 0.220127 0.939481
0.881346 1.0494 3.75792 0.138889 0.111111 0.220336 0.262351 0.939481
0.685834 1.18644 3.75792 0.166667 0.111111 0.171458 0.296611 0.939481
0.469505 1.28747 3.75792 0.194444 0.111111 0.117376 0.321868 0.939481
0.238924 1.34942 3.75792 0.222222 0.111111 0.059731 0.337355 0.939481
0.00109122 1.37041 3.75792 0.25 0.111111 0.000272805 0.342602 0.939481
-0.236775 1.3498 3.75792 0.277778 0.111111 -0.0591937 0.33745 0.939481
-0.467454 1.28822 3.75792 0.305556 0.111111 -0.116863 0.322054 0.939481
-0.683944 1.18753 3.75792 0.333333 0.111111 -0.170986 0.296884 0.939481
-0.879673 1.05081 3.75792 0.361111 0.111111 -0.219918 0.262701 0.939481
-1.0487 0.882181 3.75792 0.388889 0.111111 -0.262175 0.220545 0.939481
-1.1859 0.686778 3.75792 0.416667 0.111111 -0.296474 0.171695 0.939481
-1.2871 0.47053 3.75792 0.444444 0.111111 -0.321774 0.117632 0.939481
-1.34923 0.239998 3.75792 0.472222 0.111111 -0.337307 0.0599996 0.939481
-1.37041 0.00218244 3.75792 0.5 0.111111 -0.342602 0.00054561 0.939481
-1.34999 -0.2357 3.75792 0.527778 0.111111 -0.337497 -0.058925 0.939481
-1.28859 -0.466428 3.75792 0.555556 0.111111 -0.322147 -0.116607 0.939481
-1.18808 -0.682998 3.75792 0.583333 0.111111 -0.29702 -0.170749 0.939481
-1.05151 -0.878836 3.75792 0.611111 0.111111 -0.262877 -0.219709 0.939481
-0.883016 -1.048 3.75792 0.638889 0.111111 -0.220754 -0.262 0.939481
-0.687722 -1.18535 3.75792 0.666667 0.111111 -0.171931 -0.296338 0.939481
-0.471555 -1.28672 3.75792 0.694444 0.111111 -0.117889 -0.321681 0.939481
-0.241073 -1.34904 3.75792 0.722222 0.111111 -0.0602681 -0.337259 0.939481
-0.00327382 -1.3704 3.75792 0.75 0.111111 -0.000818456 -0.342601 0.939481
0.234625 -1.35017 3.75792 0.777778 0.111111 0.0586562 -0.337543 0.939481
0.465401 -1.28896 3.75792 0.805556 0.111111 0.11635 -0.32224 0.939481
0.682052 -1.18862 3.75792 0.833333 0.111111 0.170513 -0.297156 0.939481
0.877999 -1.05221 3.75792 0.861111 0.111111 0.2195 -0.263051 0.939481
1.0473 -0.88385 3.75792 0.888889 0.111111 0.261824 -0.220962 0.939481
1.1848 -0.688666 3.75792 0.916667 0.111111 0.296201 -0.172166 0.939481
1.28635 -0.472579 3.75792 0.944444 0.111111 0.321587 -0.118145 0.939481
1.34885 -0.242147 3.75792 0.972222 0.111111 0.337211 -0.0605366 0.939481
1.3704 -0.00436488 3.75792 1 0.111111 0.3426 -0.00109122 0.939481
2.00184 0 3.46304 0 0.166667 0.50046 0 0.86576
1.97146 0.347441 3.46304 0.0277778 0.166667 0.492864 0.0868603 0.86576
1.88123 0.684336 3.46304 0.0555556 0.166667 0.470309 0.171084 0.86576
1.73391 1.00046 3.46304 0.0833333 0.166667 0.433477 0.250115 0.86576
1.53395 1.28621 3.46304 0.111111 0.166667 0.383488 0.321554 0.86576
1.28744 1.53293 3.46304 0.138889 0.166667 0.321859 0.383232 0.86576
1.00184 1.73311 3.46304 0.166667 0.166667 0.25046 0.433278 0.86576
0.685834 1.88069 3.46304 0.194444 0.166667 0.171459 0.470172 0.86576
0.349011 1.97118 3.46304 0.222222 0.166667 0.0872527 0.492795 0.86576
0.00159401 2.00184 3.46304 0.25 0.166667 0.000398503 0.50046 0.86576
-0.345871 1.97173 3.46304 0.277778 0.166667 -0.0864678 0.492933 0.86576
-0.682838 1.88178 3.46304 0.305556 0.166667 -0.17071 0.470445 0.86576
-0.999078 1.7347 3.46304 0.333333 0.166667 -0.24977 0.433676 0.86576
-1.28499 1.53498 3.46304 0.361111 0.166667 -0.321248 0.383744 0.86576
-1.5319 1.28866 3.46304 0.388889 0.166667 -0.382976 0.322164 0.86576
-1.73231 1.00322 3.46304 0.416667 0.166667 -0.433078 0.250805 0.86576
-1.88014 0.687331 3.46304 0.444444 0.166667 -0.470036 0.171833 0.86576
-1.9709 0.35058 3.46304 0.472222 0.166667 -0.492725 0.0876451 0.86576
-2.00184 0.00318802 3.46304 0.5 0.166667 -0.500459 0.000797006 0.86576
-1.97201 -0.344301 3.46304 0.527778 0.166667 -0.493002 -0.0860753 0.86576
-1.88232 -0.68134 3.46304 0.555556 0.166667 -0.47058 -0.170335 0.86576
-1.7355 -0.997697 3.46304 0.583333 0.166667 -0.433875 -0.249424 0.86576
-1.536 -1.28377 3.46304 0.611111 0.166667 -0.384 -0.320942 0.86576
-1.28988 -1.53088 3.46304 0.638889 0.166667 -0.322469 -0.382719 0.86576
-1.0046 -1.73151 3.46304 0.666667 0.166667 -0.25115 -0.432879 0.86576
-0.688829 -1.87959 3.46304 0.694444 0.166667 -0.172207 -0.469899 0.86576
-0.352149 -1.97062 3.46304 0.722222 0.166667 -0.0880374 -0.492655 0.86576
-0.00478227 -2.00183 3.46304 0.75 0.166667 -0.00119557 -0.500458 0.86576
0.342731 -1.97228 3.46304 0.777778 0.166667 0.0856827 -0.49307 0.86576
0.67984 -1.88286 3.46304 0.805556 0.166667 0.16996 -0.470716 0.86576
0.996315 -1.73629 3.46304 0.833333 0.166667 0.249079 -0.434073 0.86576
1.28255 -1.53702 3.46304 0.861111 0.166667 0.320637 -0.384255 0.86576
1.52985 -1.29109 3.46304 0.888889 0.166667 0.382462 -0.322773 0.86576
1.73071 -1.00598 3.46304 0.916667 0.166667 0.432678 -0.251494 0.86576
1.87905 -0.690325 3.46304 0.944444 0.166667 0.469761 -0.172581 0.86576
1.97034 -0.353718 3.46304 0.972222 0.166667 0.492585 -0.0884296 0.86576
2.00183 -0.00637604 3.46304 1 0.166667 0.500457 -0.00159401 0.86576
2.57251 0 3.06304 0 0.222222 0.643126 0 0.76576
2.53346 0.446487 3.06304 0.0277778 0.222222 0.633366 0.111622 0.76576
2.41752 0.879421 3.06304 0.0555556 0.222222 0.60438 0.219855 0.76576
2.2282 1.28566 3.06304 0.0833333 0.222222 0.557049 0.321415 0.76576
1.97124 1.65288 3.06304 0.111111 0.222222 0.49281 0.413219 0.76576
1.65445 1.96992 3.06304 0.138889 0.222222 0.413612 0.49248 0.76576
1.28744 2.22717 3.06304 0.166667 0.222222 0.321859 0.556793 0.76576
0.881346 2.41682 3.06304 0.194444 0.222222 0.220336 0.604205 0.76576
0.448504 2.53311 3.06304 0.222222 0.222222 0.112126 0.633277 0.76576
0.00204842 2.5725 3.06304 0.25 0.222222 0.000512105 0.643126 0.76576
-0.444469 2.53382 3.06304 0.277778 0.222222 -0.111117 0.633454 0.76576
-0.877496 2.41822 3.06304 0.305556 0.222222 -0.219374 0.604555 0.76576
-1.28389 2.22922 3.06304 0.333333 0.222222 -0.320972 0.557305 0.76576
-1.65131 1.97255 3.06304 0.361111 0.222222 -0.412827 0.493139 0.76576
-1.9686 1.65601 3.06304 0.388889 0.222222 -0.492151 0.414004 0.76576
-2.22615 1.28921 3.06304 0.416667 0.222222 -0.556537 0.322302 0.76576
-2.41612 0.88327 3.06304 0.444444 0.222222 -0.604029 0.220817 0.76576
-2.53275 0.450521 3.06304 0.472222 0.222222 -0.633187 0.11263 0.76576
-2.5725 0.00409684 3.06304 0.5 0.222222 -0.643126 0.00102421 0.76576
-2.53417 -0.442452 3.06304 0.527778 0.222222 -0.633543 -0.110613 0.76576
-2.41892 -0.87557 3.06304 0.555556 0.222222 -0.604729 -0.218892 0.76576
-2.23024 -1.28211 3.06304 0.583333 0.222222 -0.55756 -0.320528 0.76576
-1.97387 -1.64974 3.06304 0.611111 0.222222 -0.493467 -0.412434 0.76576
-1.65758 -1.96728 3.06304 0.638889 0.222222 -0.414395 -0.491821 0.76576
-1.29098 -2.22512 3.06304 0.666667 0.222222 -0.322745 -0.55628 0.76576
-0.885194 -2.41541 3.06304 0.694444 0.222222 -0.221298 -0.603853 0.76576
-0.452537 -2.53239 3.06304 0.722222 0.222222 -0.113134 -0.633097 0.76576
-0.00614556 -2.5725 3.06304 0.75 0.222222 -0.00153639 -0.643125 0.76576
0.440434 -2.53452 3.06304 0.777778 0.222222 0.110108 -0.633631 0.76576
0.873643 -2.41961 3.06304 0.805556 0.222222 0.218411 -0.604904 0.76576
1.28034 -2.23126 3.06304 0.833333 0.222222 0.320084 -0.557815 0.76576
1.64816 -1.97518 3.06304 0.861111 0.222222 0.412041 -0.493795 0.76576
1.96596 -1.65915 3.06304 0.888889 0.222222 0.491491 -0.414787 0.76576
2.22409 -1.29275 3.06304 0.916667 0.222222 0.556023 -0.323188 0.76576
2.41471 -0.887116 3.06304 0.944444 0.222222 0.603677 -0.221779 0.76576
2.53203 -0.454553 3.06304 0.972222 0.222222 0.633007 -0.113638 0.76576
2.57249 -0.00819367 3.06304 1 0.222222 0.643123 -0.00204842 0.76576
3.06509 0 2.57007 0 0.277778 0.766272 0 0.642516
3.01857 0.53198 2.57007 0.0277778 0.277778 0.754642 0.132995 0.642516
2.88043 1.04781 2.57007 0.0555556 0.277778 0.720106 0.261953 0.642516
2.65485 1.53184 2.57007 0.0833333 0.277778 0.663713 0.38296 0.642516
2.34869 1.96937 2.57007 0.111111 0.277778 0.587173 0.492342 0.642516
1.97124 2.34712 2.57007 0.138889 0.277778 0.49281 0.58678 0.642516
1.53395 2.65363 2.57007 0.166667 0.277778 0.383488 0.663407 0.642516
1.05011 2.87959 2.57007 0.194444 0.277778 0.262526 0.719898 0.642516
0.534383 3.01814 2.57007 0.222222 0.277778 0.133596 0.754536 0.642516
0.00244065 3.06509 2.57007 0.25 0.277778 0.000610163 0.766272 0.642516
-0.529576 3.01899 2.57007 0.277778 0.277778 -0.132394 0.754748 0.642516
-1.04552 2.88126 2.57007 0.305556 0.277778 -0.26138 0.720315 0.642516
-1.52972 2.65607 2.57007 0.333333 0.277778 -0.382431 0.664017 0.642516
-1.9675 2.35026 2.57007 0.361111 0.277778 -0.491875 0.587564 0.642516
-2.34555 1.97311 2.57007 0.388889 0.277778 -0.586388 0.493277 0.642516
-2.65241 1.53606 2.57007 0.416667 0.277778 -0.663102 0.384016 0.642516
-2.87875 1.0524 2.57007 0.444444 0.277778 -0.719688 0.263099 0.642516
-3.01772 0.536786 2.57007 0.472222 0.277778 -0.75443 0.134197 0.642516
-3.06508 0.0048813 2.57007 0.5 0.277778 -0.766271 0.00122032 0.642516
-3.01941 -0.527172 2.57007 0.527778 0.277778 -0.754853 -0.131793 0.642516
-2.88209 -1.04322 2.57007 0.555556 0.277778 -0.720523 -0.260806 0.642516
-2.65729 -1.52761 2.57007 0.583333 0.277778 -0.664322 -0.381902 0.642516
-2.35182 -1.96563 2.57007 0.611111 0.277778 -0.587956 -0.491407 0.642516
-1.97497 -2.34398 2.57007 0.638889 0.277778 -0.493744 -0.585995 0.642516
-1.53818 -2.65118 2.57007 0.666667 0.277778 -0.384544 -0.662796 0.642516
-1.05469 -2.87791 2.57007 0.694444 0.277778 -0.263673 -0.719479 0.642516
-0.539189 -3.01729 2.57007 0.722222 0.277778 -0.134797 -0.754322 0.642516
-0.00732231 -3.06508 2.57007 0.75 0.277778 -0.00183058 -0.76627 0.642516
0.524768 -3.01983 2.57007 0.777778 0.277778 0.131192 -0.754958 0.642516
1.04093 -2.88292 2.57007 0.805556 0.277778 0.260232 -0.72073 0.642516
1.52549 -2.6585 2.57007 0.833333 0.277778 0.381373 -0.664626 0.642516
1.96375 -2.35339 2.57007 0.861111 0.277778 0.490938 -0.588347 0.642516
2.34241 -1.97684 2.57007 0.888889 0.277778 0.585602 -0.49421 0.642516
2.64996 -1.54029 2.57007 0.916667 0.277778 0.66249 -0.385072 0.642516
2.87707 -1.05698 2.57007 0.944444 0.277778 0.719268 -0.264245 0.642516
3.01686 -0.541591 2.57007 0.972222 0.277778 0.754215 -0.135398 0.642516
3.06507 -0.00976259 2.57007 1 0.277778 0.766268 -0.00244065 0.642516
3.46463 0 1.99908 0 0.333333 0.866158 0 0.49977
3.41205 0.601325 1.99908 0.0277778 0.333333 0.853013 0.150331 0.49977
3.2559 1.1844 1.99908 0.0555556 0.333333 0.813975 0.296099 0.49977
3.00092 1.73152 1.99908 0.0833333 0.333333 0.75023 0.43288 0.49977
2.65485 2.22608 1.99908 0.111111 0.333333 0.663713 0.556521 0.49977
2.2282 2.65308 1.99908 0.138889 0.333333 0.557049 0.663269 0.49977
1.73391 2.99954 1.99908 0.166667 0.333333 0.433477 0.749885 0.49977
1.18699 3.25496 1.99908 0.194444 0.333333 0.296748 0.813739 0.49977
0.604042 3.41157 1.99908 0.222222 0.333333 0.15101 0.852893 0.49977
0.0027588 3.46463 1.99908 0.25 0.333333 0.000689699 0.866158 0.49977
-0.598608 3.41253 1.99908 0.277778 0.333333 -0.149652 0.853132 0.49977
-1.18181 3.25684 1.99908 0.305556 0.333333 -0.295451 0.81421 0.49977
-1.72913 3.0023 1.99908 0.333333 0.333333 -0.432282 0.750574 0.49977
-2.22397 2.65662 1.99908 0.361111 0.333333 -0.555992 0.664156 0.49977
-2.6513 2.23031 1.99908 0.388889 0.333333 -0.662826 0.557577 0.49977
-2.99816 1.7363 1.99908 0.416667 0.333333 -0.74954 0.434074 0.49977
-3.25401 1.18958 1.99908 0.444444 0.333333 -0.813502 0.297395 0.49977
-3.41109 0.606758 1.99908 0.472222 0.333333 -0.852772 0.15169 0.49977
-3.46463 0.00551759 1.99908 0.5 0.333333 -0.866157 0.0013794 0.49977
-3.413 -0.595891 1.99908 0.527778 0.333333 -0.853251 -0.148973 0.49977
-3.25778 -1.17921 1.99908 0.555556 0.333333 -0.814445 -0.294803 0.49977
-3.00367 -1.72674 1.99908 0.583333 0.333333 -0.750918 -0.431685 0.49977
-2.65839 -2.22185 1.99908 0.611111 0.333333 -0.664598 -0.555463 0.49977
-2.23242 -2.64953 1.99908 0.638889 0.333333 -0.558105 -0.662381 0.49977
-1.73868 -2.99677 1.99908 0.666667 0.333333 -0.434671 -0.749194 0.49977
-1.19217 -3.25306 1.99908 0.694444 0.333333 -0.298043 -0.813265 0.49977
-0.609474 -3.4106 1.99908 0.722222 0.333333 -0.152368 -0.852651 0.49977
-0.0082768 -3.46462 1.99908 0.75 0.333333 -0.0020692 -0.866156 0.49977
0.593173 -3.41348 1.99908 0.777778 0.333333 0.148293 -0.853369 0.49977
1.17662 -3.25872 1.99908 0.805556 0.333333 0.294154 -0.81468 0.49977
1.72435 -3.00505 1.99908 0.833333 0.333333 0.431087 -0.751262 0.49977
2.21973 -2.66016 1.99908 0.861111 0.333333 0.554934 -0.66504 0.49977
2.64775 -2.23453 1.99908 0.888889 0.333333 0.661937 -0.558632 0.49977
2.99539 -1.74107 1.99908 0.916667 0.333333 0.748847 -0.435267 0.49977
3.25211 -1.19476 1.99908 0.944444 0.333333 0.813028 -0.298691 0.49977
3.41012 -0.612189 1.99908 0.972222 0.333333 0.852529 -0.153047 0.49977
3.46461 -0.0110352 1.99908 1 0.333333 0.866154 -0.00275879 0.49977
3.75901 0 1.36742 0 0.388889 0.939753 0 0.341854
3.70196 0.652418 1.36742 0.0277778 0.388889 0.925491 0.163105 0.341854
3.53254 1.28503 1.36742 0.0555556 0.388889 0.883136 0.321258 0.341854
3.2559 1.87864 1.36742 0.0833333 0.388889 0.813975 0.469661 0.341854
2.88043 2.41523 1.36742 0.111111 0.388889 0.720106 0.603807 0.341854
2.41752 2.8785 1.36742 0.138889 0.388889 0.60438 0.719625 0.341854
1.88123 3.2544 1.36742 0.166667 0.388889 0.470308 0.813601 0.341854
1.28785 3.53152 1.36742 0.194444 0.388889 0.321961 0.88288 0.341854
0.655366 3.70144 1.36742 0.222222 0.388889 0.163841 0.92536 0.341854
0.0029932 3.75901 1.36742 0.25 0.388889 0.000748301 0.939753 0.341854
-0.64947 3.70248 1.36742 0.277778 0.388889 -0.162368 0.92562 0.341854
-1.28222 3.53357 1.36742 0.305556 0.388889 -0.320555 0.883391 0.341854
-1.87605 3.25739 1.36742 0.333333 0.388889 -0.469012 0.814348 0.341854
-2.41293 2.88235 1.36742 0.361111 0.388889 -0.603233 0.720587 0.341854
-2.87658 2.41981 1.36742 0.388889 0.388889 -0.719144 0.604953 0.341854
-3.2529 1.88382 1.36742 0.416667 0.388889 -0.813226 0.470956 0.341854
-3.53049 1.29066 1.36742 0.444444 0.388889 -0.882623 0.322664 0.341854
-3.70092 0.658313 1.36742 0.472222 0.388889 -0.92523 0.164578 0.341854
-3.75901 0.00598641 1.36742 0.5 0.388889 -0.939752 0.0014966 0.341854
-3.703 -0.646522 1.36742 0.527778 0.388889 -0.925749 -0.16163 0.341854
-3.53459 -1.27941 1.36742 0.555556 0.388889 -0.883646 -0.319851 0.341854
-3.25889 -1.87345 1.36742 0.583333 0.388889 -0.814722 -0.468364 0.341854
-2.88427 -2.41064 1.36742 0.611111 0.388889 -0.721067 -0.602659 0.341854
-2.4221 -2.87465 1.36742 0.638889 0.388889 -0.605525 -0.718662 0.341854
-1.88641 -3.2514 1.36742 0.666667 0.388889 -0.471604 -0.812851 0.341854
-1.29347 -3.52946 1.36742 0.694444 0.388889 -0.323367 -0.882366 0.341854
-0.661259 -3.70039 1.36742 0.722222 0.388889 -0.165315 -0.925098 0.341854
-0.00898006 -3.759 1.36742 0.75 0.388889 -0.00224501 -0.93975 0.341854
0.643573 -3.70351 1.36742 0.777778 0.388889 0.160893 -0.925878 0.341854
1.27659 -3.5356 1.36742 0.805556 0.388889 0.319148 -0.883901 0.341854
1.87086 -3.26038 1.36742 0.833333 0.388889 0.467715 -0.815094 0.341854
2.40834 -2.88619 1.36742 0.861111 0.388889 0.602085 -0.721547 0.341854
2.87272 -2.42439 1.36742 0.888889 0.388889 0.71818 -0.606097 0.341854
3.2499 -1.889 1.36742 0.916667 0.388889 0.812475 -0.472251 0.341854
3.52843 -1.29628 1.36742 0.944444 0.388889 0.882108 -0.324069 0.341854
3.69987 -0.664205 1.36742 0.972222 0.388889 0.924966 -0.166051 0.341854
3.75899 -0.0119728 1.36742 1 0.388889 0.939748 -0.0029932 0.341854
3.93929 0 0.694244 0 0.444444 0.984823 0 0.173561
3.87951 0.683708 0.694244 0.0277778 0.444444 0.969877 0.170927 0.173561
3.70196 1.34666 0.694244 0.0555556 0.444444 0.925491 0.336666 0.173561
3.41205 1.96874 0.694244 0.0833333 0.444444 0.853013 0.492185 0.173561
3.01857 2.53106 0.694244 0.111111 0.444444 0.754642 0.632765 0.173561
2.53346 3.01655 0.694244 0.138889 0.444444 0.633366 0.754138 0.173561
1.97146 3.41048 0.694244 0.166667 0.444444 0.492864 0.85262 0.173561
1.34961 3.70089 0.694244 0.194444 0.444444 0.337402 0.925222 0.173561
0.686797 3.87896 0.694244 0.222222 0.444444 0.171699 0.96974 0.173561
0.00313676 3.93929 0.694244 0.25 0.444444 0.000784189 0.984823 0.173561
-0.680618 3.88005 0.694244 0.277778 0.444444 -0.170155 0.970012 0.173561
-1.34371 3.70303 0.694244 0.305556 0.444444 -0.335928 0.925758 0.173561
-1.96602 3.41362 0.694244 0.333333 0.444444 -0.491506 0.853404 0.173561
-2.52866 3.02058 0.694244 0.361111 0.444444 -0.632164 0.755146 0.173561
-3.01453 2.53586 0.694244 0.388889 0.444444 -0.753634 0.633966 0.173561
-3.40891 1.97417 0.694244 0.416667 0.444444 -0.852228 0.493543 0.173561
-3.69981 1.35256 0.694244 0.444444 0.444444 -0.924953 0.338139 0.173561
-3.87841 0.689885 0.694244 0.472222 0.444444 -0.969603 0.172471 0.173561
-3.93929 0.00627351 0.694244 0.5 0.444444 -0.984822 0.00156838 0.173561
-3.88059 -0.677529 0.694244 0.527778 0.444444 -0.970147 -0.169382 0.173561
-3.7041 -1.34076 0.694244 0.555556 0.444444 -0.926026 -0.335191 0.173561
-3.41518 -1.9633 0.694244 0.583333 0.444444 -0.853795 -0.490826 0.173561
-3.0226 -2.52625 0.694244 0.611111 0.444444 -0.755649 -0.631562 0.173561
-2.53826 -3.01251 0.694244 0.638889 0.444444 -0.634566 -0.753129 0.173561
-1.97689 -3.40734 0.694244 0.666667 0.444444 -0.494221 -0.851834 0.173561
-1.3555 -3.69873 0.694244 0.694444 0.444444 -0.338876 -0.924684 0.173561
-0.692973 -3.87786 0.694244 0.722222 0.444444 -0.173243 -0.969465 0.173561
-0.00941073 -3.93928 0.694244 0.75 0.444444 -0.00235268 -0.98482 0.173561
0.674439 -3.88113 0.694244 0.777778 0.444444 0.16861 -0.970282 0.173561
1.33781 -3.70517 0.694244 0.805556 0.444444 0.334454 -0.926292 0.173561
1.96058 -3.41674 0.694244 0.833333 0.444444 0.490146 -0.854186 0.173561
2.52384 -3.02461 0.694244 0.861111 0.444444 0.63096 -0.756152 0.173561
3.01049 -2.54066 0.694244 0.888889 0.444444 0.752623 -0.635165 0.173561
3.40576 -1.9796 0.694244 0.916667 0.444444 0.851441 -0.494899 0.173561
3.69765 -1.35845 0.694244 0.944444 0.444444 0.924414 -0.339612 0.173561
3.87731 -0.69606 0.694244 0.972222 0.444444 0.969327 -0.174015 0.173561
3.93927 -0.012547 0.694244 1 0.444444 0.984818 -0.00313675 0.173561
4 0 0 0 0.5 1 0 0
3.93929 0.694244 0 0.0277778 0.5 0.984823 0.173561 0
3.75901 1.36742 0 0.0555556 0.5 0.939753 0.341854 0
3.46463 1.99908 0 0.0833333 0.5 0.866158 0.49977 0
3.06509 2.57007 0 0.111111 0.5 0.766272 0.642516 0
2.57251 3.06304 0 0.138889 0.5 0.643126 0.76576 0
2.00184 3.46304 0 0.166667 0.5 0.50046 0.86576 0
1.37041 3.75792 0 0.194444 0.5 0.342602 0.939481 0
0.697381 3.93874 0 0.222222 0.5 0.174345 0.984685 0
0.0031851 4 0 0.25 0.5 0.000796274 1 0
-0.691107 3.93984 0 0.277778 0.5 -0.172777 0.984961 0
-1.36442 3.7601 0 0.305556 0.5 -0.341105 0.940025 0
-1.99632 3.46622 0 0.333333 0.5 -0.49908 0.866556 0
-2.56762 3.06713 0 0.361111 0.5 -0.641906 0.766783 0
-3.06099 2.57494 0 0.388889 0.5 -0.765248 0.643736 0
-3.46144 2.0046 0 0.416667 0.5 -0.865361 0.501149 0
-3.75683 1.3734 0 0.444444 0.5 -0.939208 0.34335 0
-3.93818 0.700517 0 0.472222 0.5 -0.984545 0.175129 0
-3.99999 0.00637019 0 0.5 0.5 -0.999999 0.00159255 0
-3.94039 -0.68797 0 0.527778 0.5 -0.985098 -0.171992 0
-3.76119 -1.36143 0 0.555556 0.5 -0.940296 -0.340357 0
-3.46781 -1.99356 0 0.583333 0.5 -0.866953 -0.49839 0
-3.06918 -2.56518 0 0.611111 0.5 -0.767294 -0.641295 0
-2.57738 -3.05894 0 0.638889 0.5 -0.644345 -0.764735 0
-2.00735 -3.45985 0 0.666667 0.5 -0.501838 -0.864962 0
-1.37639 -3.75574 0 0.694444 0.5 -0.344098 -0.938934 0
-0.703652 -3.93762 0 0.722222 0.5 -0.175913 -0.984406 0
-0.00955576 -3.99999 0 0.75 0.5 -0.00238894 -0.999997 0
0.684832 -3.94094 0 0.777778 0.5 0.171208 -0.985235 0
1.35843 -3.76227 0 0.805556 0.5 0.339608 -0.940567 0
1.9908 -3.4694 0 0.833333 0.5 0.4977 -0.867349 0
2.56274 -3.07122 0 0.861111 0.5 0.640684 -0.767805 0
3.05689 -2.57982 0 0.888889 0.5 0.764222 -0.644954 0
3.45825 -2.0101 0 0.916667 0.5 0.864562 -0.502526 0
3.75464 -1.37938 0 0.944444 0.5 0.93866 -0.344845 0
3.93706 -0.706787 0 0.972222 0.5 0.984265 -0.176697 0
3.99998 -0.0127404 0 1 0.5 0.999995 -0.00318509 0
3.93929 0 -0.694244 0 0.555556 0.984823 0 -0.173561
3.87951 0.683708 -0.694244 0.0277778 0.555556 0.969877 0.170927 -0.173561
3.70196 1.34666 -0.694244 0.0555556 0.555556 0.925491 0.336666 -0.173561
3.41205 1.96874 -0.694244 0.0833333 0.555556 0.853013 0.492185 -0.173561
3.01857 2.53106 -0.694244 0.111111 0.555556 0.754642 0.632765 -0.173561
2.53346 3.01655 -0.694244 0.138889 0.555556 0.633366 0.754138 -0.173561
1.97146 3.41048 -0.694244 0.166667 0.555556 0.492864 0.85262 -0.173561
1.34961 3.70089 -0.694244 0.194444 0.555556 0.337402 0.925222 -0.173561
0.686797 3.87896 -0.694244 0.222222 0.555556 0.171699 0.96974 -0.173561
0.00313676 3.93929 -0.694244 0.25 0.555556 0.000784189 0.984823 -0.173561
-0.680618 3.88005 -0.694244 0.277778 0.555556 -0.170155 0.970012 -0.173561
-1.34371 3.70303 -0.694244 0.305556 0.555556 -0.335928 0.925758 -0.173561
-1.96602 3.41362 -0.694244 0.333333 0.555556 -0.491506 0.853404 -0.173561
-2.52866 3.02058 -0.694244 0.361111 0.555556 -0.632164 0.755146 -0.173561
-3.01453 2.53586 -0.694244 0.388889 0.555556 -0.753634 0.633966 -0.173561
-3.40891 1.97417 -0.694244 0.416667 0.555556 -0.852228 0.493543 -0.173561
-3.69981 1.35256 -0.694244 0.444444 0.555556 -0.924953 0.338139 -0.173561
-3.87841 0.689885 -0.694244 0.472222 0.555556 -0.969603 0.172471 -0.173561
-3.93929 0.00627351 -0.694244 0.5 0.555556 -0.984822 0.00156838 -0.173561
-3.88059 -0.677529 -0.694244 0.527778 0.555556 -0.970147 -0.169382 -0.173561
-3.7041 -1.34076 -0.694244 0.555556 0.555556 -0.926026 -0.335191 -0.173561
-3.41518 -1.9633 -0.694244 0.583333 0.555556 -0.853795 -0.490826 -0.173561
-3.0226 -2.52625 -0.694244 0.611111 0.555556 -0.755649 -0.631562 -0.173561
-2.53826 -3.01251 -0.694244 0.638889 0.555556 -0.634566 -0.753129 -0.173561
-1.97689 -3.40734 -0.694244 0.666667 0.555556 -0.494221 -0.851834 -0.173561
-1.3555 -3.69873 -0.694244 0.694444 0.555556 -0.338876 -0.924684 -0.173561
-0.692973 -3.87786 -0.694244 0.722222 0.555556 -0.173243 -0.969465 -0.173561
-0.00941073 -3.93928 -0.694244 0.75 0.555556 -0.00235268 -0.98482 -0.173561
0.674439 -3.88113 -0.694244 0.777778 0.555556 0.16861 -0.970282 -0.173561
1.33781 -3.70517 -0.694244 0.805556 0.555556 0.334454 -0.926292 -0.173561
1.96058 -3.41674 -0.694244 0.833333 0.555556 0.490146 -0.854186 -0.173561
2.52384 -3.02461 -0.694244 0.861111 0.555556 0.63096 -0.756152 -0.173561
3.01049 -2.54066 -0.694244 0.888889 0.555556 0.752623 -0.635165 -0.173561
3.40576 -1.9796 -0.694244 0.916667 0.555556 0.851441 -0.494899 -0.173561
3.69765 -1.35845 -0.694244 0.944444 0.555556 0.924414 -0.339612 -0.173561
3.87731 -0.69606 -0.694244 0.972222 0.555556 0.969327 -0.174015 -0.173561
3.93927 -0.012547 -0.694244 1 0.555556 0.984818 -0.00313675 -0.173561
3.75901 0 -1.36742 0 0.611111 0.939753 0 -0.341854
3.70196 0.652418 -1.36742 0.0277778 0.611111 0.925491 0.163105 -0.341854
3.53254 1.28503 -1.36742 0.0555556 0.611111 0.883136 0.321258 -0.341854
3.2559 1.87864 -1.36742 0.0833333 0.611111 0.813975 0.469661 -0.341854
2.88043 2.41523 -1.36742 0.111111 0.611111 0.720106 0.603807 -0.341854
2.41752 2.8785 -1.36742 0.138889 0.611111 0.60438 0.719625 -0.341854
1.88123 3.2544 -1.36742 0.166667 0.611111 0.470308 0.813601 -0.341854
1.28785 3.53152 -1.36742 0.194444 0.611111 0.321961 0.88288 -0.341854
0.655366 3.70144 -1.36742 0.222222 0.611111 0.163841 0.92536 -0.341854
0.0029932 3.75901 -1.36742 0.25 0.611111 0.000748301 0.939753 -0.341854
-0.64947 3.70248 -1.36742 0.277778 0.611111 -0.162368 0.92562 -0.341854
-1.28222 3.53357 -1.36742 0.305556 0.611111 -0.320555 0.883391 -0.341854
-1.87605 3.25739 -1.36742 0.333333 0.611111 -0.469012 0.814348 -0.341854
-2.41293 2.88235 -1.36742 0.361111 0.611111 -0.603233 0.720587 -0.341854
-2.87658 2.41981 -1.36742 0.388889 0.611111 -0.719144 0.604953 -0.341854
-3.2529 1.88382 -1.36742 0.416667 0.611111 -0.813226 0.470956 -0.341854
-3.53049 1.29066 -1.36742 0.444444 0.611111 -0.882623 0.322664 -0.341854
-3.70092 0.658313 -1.36742 0.472222 0.611111 -0.92523 0.164578 -0.341854
-3.75901 0.00598641 -1.36742 0.5 0.611111 -0.939752 0.0014966 -0.341854
-3.703 -0.646522 -1.36742 0.527778 0.611111 -0.925749 -0.16163 -0.341854
-3.53459 -1.27941 -1.36742 0.555556 0.611111 -0.883646 -0.319851 -0.341854
-3.25889 -1.87345 -1.36742 0.583333 0.611111 -0.814722 -0.468364 -0.341854
-2.88427 -2.41064 -1.36742 0.611111 0.611111 -0.721067 -0.602659 -0.341854
-2.4221 -2.87465 -1.36742 0.638889 0.611111 -0.605525 -0.718662 -0.341854
-1.88641 -3.2514 -1.36742 0.666667 0.611111 -0.471604 -0.812851 -0.341854
-1.29347 -3.52946 -1.36742 0.694444 0.611111 -0.323367 -0.882366 -0.341854
-0.661259 -3.70039 -1.36742 0.722222 0.611111 -0.165315 -0.925098 -0.341854
-0.00898006 -3.759 -1.36742 0.75 0.611111 -0.00224501 -0.93975 -0.341854
0.643573 -3.70351 -1.36742 0.777778 0.611111 0.160893 -0.925878 -0.341854
1.27659 -3.5356 -1.36742 0.805556 0.611111 0.319148 -0.883901 -0.341854
1.87086 -3.26038 -1.36742 0.833333 0.611111 0.467715 -0.815094 -0.341854
2.40834 -2.88619 -1.36742 0.861111 0.611111 0.602085 -0.721547 -0.341854
2.87272 -2.42439 -1.36742 0.888889 0.611111 0.71818 -0.606097 -0.341854
3.2499 -1.889 -1.36742 0.916667 0.611111 0.812475 -0.472251 -0.341854
3.52843 -1.29628 -1.36742 0.944444 0.611111 0.882108 -0.324069 -0.341854
3.69987 -0.664205 -1.36742 0.972222 0.611111 0.924966 -0.166051 -0.341854
3.75899 -0.0119728 -1.36742 1 0.611111 0.939748 -0.0029932 -0.341854
3.46463 0 -1.99908 0 0.666667 0.866158 0 -0.49977
3.41205 0.601325 -1.99908 0.0277778 0.666667 0.853013 0.150331 -0.49977
3.2559 1.1844 -1.99908 0.0555556 0.666667 0.813975 0.296099 -0.49977
3.00092 1.73152 -1.99908 0.0833333 0.666667 0.75023 0.43288 -0.49977
2.65485 2.22608 -1.99908 0.111111 0.666667 0.663713 0.556521 -0.49977
2.2282 2.65308 -1.99908 0.138889 0.666667 0.557049 0.663269 -0.49977
1.73391 2.99954 -1.99908 0.166667 0.666667 0.433477 0.749885 -0.49977
1.18699 3.25495 -1.99908 0.194444 0.666667 0.296748 0.813739 -0.49977
0.604042 3.41157 -1.99908 0.222222 0.666667 0.15101 0.852893 -0.49977
0.0027588 3.46463 -1.99908 0.25 0.666667 0.000689699 0.866158 -0.49977
-0.598608 3.41253 -1.99908 0.277778 0.666667 -0.149652 0.853132 -0.49977
-1.1818 3.25684 -1.99908 0.305556 0.666667 -0.295451 0.81421 -0.49977
-1.72913 3.0023 -1.99908 0.333333 0.666667 -0.432282 0.750574 -0.49977
-2.22397 2.65662 -1.99908 0.361111 0.666667 -0.555992 0.664155 -0.49977
-2.6513 2.23031 -1.99908 0.388889 0.666667 -0.662825 0.557577 -0.49977
-2.99816 1.7363 -1.99908 0.416667 0.666667 -0.749539 0.434074 -0.49977
-3.25401 1.18958 -1.99908 0.444444 0.666667 -0.813502 0.297395 -0.49977
-3.41109 0.606758 -1.99908 0.472222 0.666667 -0.852772 0.15169 -0.49977
-3.46463 0.00551759 -1.99908 0.5 0.666667 -0.866157 0.0013794 -0.49977
-3.413 -0.595891 -1.99908 0.527778 0.666667 -0.853251 -0.148973 -0.49977
-3.25778 -1.17921 -1.99908 0.555556 0.666667 -0.814445 -0.294803 -0.49977
-3.00367 -1.72674 -1.99908 0.583333 0.666667 -0.750918 -0.431685 -0.49977
-2.65839 -2.22185 -1.99908 0.611111 0.666667 -0.664598 -0.555463 -0.49977
-2.23242 -2.64952 -1.99908 0.638889 0.666667 -0.558105 -0.662381 -0.49977
-1.73868 -2.99677 -1.99908 0.666667 0.666667 -0.434671 -0.749194 -0.49977
-1.19217 -3.25306 -1.99908 0.694444 0.666667 -0.298043 -0.813265 -0.49977
-0.609474 -3.4106 -1.99908 0.722222 0.666667 -0.152368 -0.852651 -0.49977
-0.0082768 -3.46462 -1.99908 0.75 0.666667 -0.0020692 -0.866156 -0.49977
0.593173 -3.41348 -1.99908 0.777778 0.666667 0.148293 -0.853369 -0.49977
1.17662 -3.25872 -1.99908 0.805556 0.666667 0.294154 -0.81468 -0.49977
1.72435 -3.00505 -1.99908 0.833333 0.666667 0.431087 -0.751262 -0.49977
2.21973 -2.66016 -1.99908 0.861111 0.666667 0.554934 -0.66504 -0.49977
2.64775 -2.23453 -1.99908 0.888889 0.666667 0.661937 -0.558632 -0.49977
2.99539 -1.74107 -1.99908 0.916667 0.666667 0.748847 -0.435267 -0.49977
3.25211 -1.19476 -1.99908 0.944444 0.666667 0.813028 -0.298691 -0.49977
3.41012 -0.612189 -1.99908 0.972222 0.666667 0.852529 -0.153047 -0.49977
3.46461 -0.0110352 -1.99908 1 0.666667 0.866154 -0.00275879 -0.49977
3.06509 0 -2.57007 0 0.722222 0.766272 0 -0.642516
3.01857 0.53198 -2.57007 0.0277778 0.722222 0.754642 0.132995 -0.642516
2.88043 1.04781 -2.57007 0.0555556 0.722222 0.720106 0.261953 -0.642516
2.65485 1.53184 -2.57007 0.0833333 0.722222 0.663713 0.38296 -0.642516
2.34869 1.96937 -2.57007 0.111111 0.722222 0.587173 0.492342 -0.642516
1.97124 2.34712 -2.57007 0.138889 0.722222 0.49281 0.58678 -0.642516
1.53395 2.65363 -2.57007 0.166667 0.722222 0.383488 0.663407 -0.642516
1.05011 2.87959 -2.57007 0.194444 0.722222 0.262526 0.719898 -0.642516
0.534383 3.01814 -2.57007 0.222222 0.722222 0.133596 0.754536 -0.642516
0.00244065 3.06509 -2.57007 0.25 0.722222 0.000610163 0.766272 -0.642516
-0.529576 3.01899 -2.57007 0.277778 0.722222 -0.132394 0.754748 -0.642516
-1.04552 2.88126 -2.57007 0.305556 0.722222 -0.261379 0.720315 -0.642516
-1.52972 2.65607 -2.57007 0.333333 0.722222 -0.382431 0.664017 -0.642516
-1.9675 2.35026 -2.57007 0.361111 0.722222 -0.491875 0.587564 -0.642516
-2.34555 1.97311 -2.57007 0.388889 0.722222 -0.586388 0.493277 -0.642516
-2.65241 1.53606 -2.57007 0.416667 0.722222 -0.663102 0.384016 -0.642516
-2.87875 1.0524 -2.57007 0.444444 0.722222 -0.719688 0.263099 -0.642516
-3.01772 0.536786 -2.57007 0.472222 0.722222 -0.754429 0.134197 -0.642516
-3.06508 0.0048813 -2.57007 0.5 0.722222 -0.766271 0.00122032 -0.642516
-3.01941 -0.527172 -2.57007 0.527778 0.722222 -0.754853 -0.131793 -0.642516
-2.88209 -1.04322 -2.57007 0.555556 0.722222 -0.720523 -0.260806 -0.642516
-2.65729 -1.52761 -2.57007 0.583333 0.722222 -0.664322 -0.381902 -0.642516
-2.35182 -1.96563 -2.57007 0.611111 0.722222 -0.587956 -0.491407 -0.642516
-1.97497 -2.34398 -2.57007 0.638889 0.722222 -0.493744 -0.585995 -0.642516
-1.53818 -2.65118 -2.57007 0.666667 0.722222 -0.384544 -0.662796 -0.642516
-1.05469 -2.87791 -2.57007 0.694444 0.722222 -0.263673 -0.719478 -0.642516
-0.539189 -3.01729 -2.57007 0.722222 0.722222 -0.134797 -0.754322 -0.642516
-0.00732231 -3.06508 -2.57007 0.75 0.722222 -0.00183058 -0.76627 -0.642516
0.524768 -3.01983 -2.57007 0.777778 0.722222 0.131192 -0.754958 -0.642516
1.04093 -2.88292 -2.57007 0.805556 0.722222 0.260232 -0.72073 -0.642516
1.52549 -2.6585 -2.57007 0.833333 0.722222 0.381373 -0.664625 -0.642516
1.96375 -2.35339 -2.57007 0.861111 0.722222 0.490938 -0.588347 -0.642516
2.34241 -1.97684 -2.57007 0.888889 0.722222 0.585601 -0.49421 -0.642516
2.64996 -1.54029 -2.57007 0.916667 0.722222 0.66249 -0.385072 -0.642516
2.87707 -1.05698 -2.57007 0.944444 0.722222 0.719268 -0.264245 -0.642516
3.01686 -0.541591 -2.57007 0.972222 0.722222 0.754215 -0.135398 -0.642516
3.06507 -0.00976259 -2.57007 1 0.722222 0.766268 -0.00244065 -0.642516
2.57251 0 -3.06304 0 0.777778 0.643126 0 -0.76576
2.53346 0.446487 -3.06304 0.0277778 0.777778 0.633366 0.111622 -0.76576
2.41752 0.879421 -3.06304 0.0555556 0.777778 0.60438 0.219855 -0.76576
2.2282 1.28566 -3.06304 0.0833333 0.777778 0.557049 0.321415 -0.76576
1.97124 1.65288 -3.06304 0.111111 0.777778 0.49281 0.413219 -0.76576
1.65445 1.96992 -3.06304 0.138889 0.777778 0.413612 0.49248 -0.76576
1.28744 2.22717 -3.06304 0.166667 0.777778 0.321859 0.556793 -0.76576
0.881346 2.41682 -3.06304 0.194444 0.777778 0.220336 0.604205 -0.76576
0.448504 2.53311 -3.06304 0.222222 0.777778 0.112126 0.633277 -0.76576
0.00204842 2.5725 -3.06304 0.25 0.777778 0.000512105 0.643126 -0.76576
-0.444469 2.53382 -3.06304 0.277778 0.777778 -0.111117 0.633454 -0.76576
-0.877496 2.41822 -3.06304 0.305556 0.777778 -0.219374 0.604555 -0.76576
-1.28389 2.22922 -3.06304 0.333333 0.777778 -0.320972 0.557305 -0.76576
-1.65131 1.97255 -3.06304 0.361111 0.777778 -0.412827 0.493139 -0.76576
-1.9686 1.65601 -3.06304 0.388889 0.777778 -0.492151 0.414004 -0.76576
-2.22615 1.28921 -3.06304 0.416667 0.777778 -0.556537 0.322302 -0.76576
-2.41612 0.88327 -3.06304 0.444444 0.777778 -0.604029 0.220817 -0.76576
-2.53275 0.450521 -3.06304 0.472222 0.777778 -0.633187 0.11263 -0.76576
-2.5725 0.00409684 -3.06304 0.5 0.777778 -0.643126 0.00102421 -0.76576
-2.53417 -0.442451 -3.06304 0.527778 0.777778 -0.633543 -0.110613 -0.76576
-2.41892 -0.87557 -3.06304 0.555556 0.777778 -0.604729 -0.218892 -0.76576
-2.23024 -1.28211 -3.06304 0.583333 0.777778 -0.55756 -0.320528 -0.76576
-1.97387 -1.64974 -3.06304 0.611111 0.777778 -0.493467 -0.412434 -0.76576
-1.65758 -1.96728 -3.06304 0.638889 0.777778 -0.414395 -0.491821 -0.76576
-1.29098 -2.22512 -3.06304 0.666667 0.777778 -0.322745 -0.55628 -0.76576
-0.885194 -2.41541 -3.06304 0.694444 0.777778 -0.221298 -0.603853 -0.76576
-0.452537 -2.53239 -3.06304 0.722222 0.777778 -0.113134 -0.633097 -0.76576
-0.00614556 -2.5725 -3.06304 0.75 0.777778 -0.00153639 -0.643125 -0.76576
0.440434 -2.53452 -3.06304 0.777778 0.777778 0.110108 -0.633631 -0.76576
0.873643 -2.41961 -3.06304 0.805556 0.777778 0.218411 -0.604904 -0.76576
1.28034 -2.23126 -3.06304 0.833333 0.777778 0.320084 -0.557815 -0.76576
1.64816 -1.97518 -3.06304 0.861111 0.777778 0.412041 -0.493795 -0.76576
1.96596 -1.65915 -3.06304 0.888889 0.777778 0.491491 -0.414787 -0.76576
2.22409 -1.29275 -3.06304 0.916667 0.777778 0.556023 -0.323188 -0.76576
2.41471 -0.887116 -3.06304 0.944444 0.777778 0.603677 -0.221779 -0.76576
2.53203 -0.454553 -3.06304 0.972222 0.777778 0.633007 -0.113638 -0.76576
2.57249 -0.00819367 -3.06304 1 0.777778 0.643123 -0.00204842 -0.76576
2.00184 0 -3.46304 0 0.833333 0.50046 0 -0.86576
1.97146 0.347441 -3.46304 0.0277778 0.833333 0.492864 0.0868603 -0.86576
1.88123 0.684336 -3.46304 0.0555556 0.833333 0.470308 0.171084 -0.86576
1.73391 1.00046 -3.46304 0.0833333 0.833333 0.433477 0.250115 -0.86576
1.53395 1.28621 -3.46304 0.111111 0.833333 0.383488 0.321554 -0.86576
1.28744 1.53293 -3.46304 0.138889 0.833333 0.321859 0.383232 -0.86576
1.00184 1.73311 -3.46304 0.166667 0.833333 0.25046 0.433278 -0.86576
0.685834 1.88069 -3.46304 0.194444 0.833333 0.171458 0.470172 -0.86576
0.349011 1.97118 -3.46304 0.222222 0.833333 0.0872527 0.492795 -0.86576
0.00159401 2.00184 -3.46304 0.25 0.833333 0.000398503 0.500459 -0.86576
-0.345871 1.97173 -3.46304 0.277778 0.833333 -0.0864678 0.492933 -0.86576
-0.682838 1.88178 -3.46304 0.305556 0.833333 -0.170709 0.470445 -0.86576
-0.999078 1.7347 -3.46304 0.333333 0.833333 -0.24977 0.433676 -0.86576
-1.28499 1.53498 -3.46304 0.361111 0.833333 -0.321248 0.383744 -0.86576
-1.5319 1.28866 -3.46304 0.388889 0.833333 -0.382976 0.322164 -0.86576
-1.73231 1.00322 -3.46304 0.416667 0.833333 -0.433078 0.250805 -0.86576
-1.88014 0.687331 -3.46304 0.444444 0.833333 -0.470035 0.171833 -0.86576
-1.9709 0.35058 -3.46304 0.472222 0.833333 -0.492725 0.0876451 -0.86576
-2.00184 0.00318802 -3.46304 0.5 0.833333 -0.500459 0.000797006 -0.86576
-1.97201 -0.344301 -3.46304 0.527778 0.833333 -0.493002 -0.0860753 -0.86576
-1.88232 -0.681339 -3.46304 0.555556 0.833333 -0.47058 -0.170335 -0.86576
-1.7355 -0.997696 -3.46304 0.583333 0.833333 -0.433875 -0.249424 -0.86576
-1.536 -1.28377 -3.46304 0.611111 0.833333 -0.384 -0.320942 -0.86576
-1.28987 -1.53088 -3.46304 0.638889 0.833333 -0.322469 -0.382719 -0.86576
-1.0046 -1.73151 -3.46304 0.666667 0.833333 -0.251149 -0.432878 -0.86576
-0.688828 -1.87959 -3.46304 0.694444 0.833333 -0.172207 -0.469898 -0.86576
-0.352149 -1.97062 -3.46304 0.722222 0.833333 -0.0880373 -0.492655 -0.86576
-0.00478227 -2.00183 -3.46304 0.75 0.833333 -0.00119557 -0.500458 -0.86576
0.342731 -1.97228 -3.46304 0.777778 0.833333 0.0856827 -0.49307 -0.86576
0.67984 -1.88286 -3.46304 0.805556 0.833333 0.16996 -0.470716 -0.86576
0.996314 -1.73629 -3.46304 0.833333 0.833333 0.249079 -0.434073 -0.86576
1.28255 -1.53702 -3.46304 0.861111 0.833333 0.320636 -0.384255 -0.86576
1.52985 -1.29109 -3.46304 0.888889 0.833333 0.382462 -0.322773 -0.86576
1.73071 -1.00598 -3.46304 0.916667 0.833333 0.432678 -0.251494 -0.86576
1.87904 -0.690325 -3.46304 0.944444 0.833333 0.469761 -0.172581 -0.86576
1.97034 -0.353718 -3.46304 0.972222 0.833333 0.492585 -0.0884295 -0.86576
2.00183 -0.00637604 -3.46304 1 0.833333 0.500457 -0.00159401 -0.86576
1.37041 0 -3.75792 0 0.888889 0.342602 0 -0.939481
1.34961 0.237849 -3.75792 0.0277778 0.888889 0.337402 0.0594624 -0.939481
1.28785 0.468479 -3.75792 0.0555556 0.888889 0.321961 0.11712 -0.939481
1.18699 0.684889 -3.75792 0.0833333 0.888889 0.296748 0.171222 -0.939481
1.05011 0.88051 -3.75792 0.111111 0.888889 0.262526 0.220127 -0.939481
0.881346 1.0494 -3.75792 0.138889 0.888889 0.220336 0.262351 -0.939481
0.685834 1.18644 -3.75792 0.166667 0.888889 0.171458 0.296611 -0.939481
0.469505 1.28747 -3.75792 0.194444 0.888889 0.117376 0.321868 -0.939481
0.238924 1.34942 -3.75792 0.222222 0.888889 0.059731 0.337355 -0.939481
0.00109122 1.37041 -3.75792 0.25 0.888889 0.000272805 0.342602 -0.939481
-0.236775 1.3498 -3.75792 0.277778 0.888889 -0.0591937 0.33745 -0.939481
-0.467454 1.28822 -3.75792 0.305556 0.888889 -0.116863 0.322054 -0.939481
-0.683944 1.18753 -3.75792 0.333333 0.888889 -0.170986 0.296884 -0.939481
-0.879673 1.05081 -3.75792 0.361111 0.888889 -0.219918 0.262701 -0.939481
-1.0487 0.882181 -3.75792 0.388889 0.888889 -0.262175 0.220545 -0.939481
-1.1859 0.686778 -3.75792 0.416667 0.888889 -0.296474 0.171695 -0.939481
-1.2871 0.47053 -3.75792 0.444444 0.888889 -0.321774 0.117632 -0.939481
-1.34923 0.239998 -3.75792 0.472222 0.888889 -0.337307 0.0599996 -0.939481
-1.37041 0.00218244 -3.75792 0.5 0.888889 -0.342602 0.00054561 -0.939481
-1.34999 -0.2357 -3.75792 0.527778 0.888889 -0.337497 -0.058925 -0.939481
-1.28859 -0.466428 -3.75792 0.555556 0.888889 -0.322147 -0.116607 -0.939481
-1.18808 -0.682998 -3.75792 0.583333 0.888889 -0.29702 -0.170749 -0.939481
-1.05151 -0.878836 -3.75792 0.611111 0.888889 -0.262877 -0.219709 -0.939481
-0.883016 -1.048 -3.75792 0.638889 0.888889 -0.220754 -0.262 -0.939481
-0.687722 -1.18535 -3.75792 0.666667 0.888889 -0.171931 -0.296338 -0.939481
-0.471555 -1.28672 -3.75792 0.694444 0.888889 -0.117889 -0.321681 -0.939481
-0.241073 -1.34904 -3.75792 0.722222 0.888889 -0.0602681 -0.337259 -0.939481
-0.00327382 -1.3704 -3.75792 0.75 0.888889 -0.000818456 -0.342601 -0.939481
0.234625 -1.35017 -3.75792 0.777778 0.888889 0.0586562 -0.337543 -0.939481
0.465401 -1.28896 -3.75792 0.805556 0.888889 0.11635 -0.32224 -0.939481
0.682052 -1.18862 -3.75792 0.833333 0.888889 0.170513 -0.297156 -0.939481
0.877999 -1.05221 -3.75792 0.861111 0.888889 0.2195 -0.263051 -0.939481
1.0473 -0.88385 -3.75792 0.888889 0.888889 0.261824 -0.220962 -0.939481
1.1848 -0.688666 -3.75792 0.916667 0.888889 0.296201 -0.172166 -0.939481
1.28635 -0.472579 -3.75792 0.944444 0.888889 0.321587 -0.118145 -0.939481
1.34885 -0.242147 -3.75792 0.972222 0.888889 0.337211 -0.0605366 -0.939481
1.3704 -0.00436488 -3.75792 1 0.888889 0.3426 -0.00109122 -0.939481
0.697381 0 -3.93874 0 0.944444 0.174345 0 -0.984685
0.686797 0.121038 -3.93874 0.0277778 0.944444 0.171699 0.0302595 -0.984685
0.655366 0.238402 -3.93874 0.0555556 0.944444 0.163841 0.0596006 -0.984685
0.604042 0.34853 -3.93874 0.0833333 0.944444 0.15101 0.0871325 -0.984685
0.534383 0.448079 -3.93874 0.111111 0.944444 0.133596 0.11202 -0.984685
0.448504 0.534026 -3.93874 0.138889 0.944444 0.112126 0.133507 -0.984685
0.349011 0.603764 -3.93874 0.166667 0.944444 0.0872527 0.150941 -0.984685
0.238924 0.655176 -3.93874 0.194444 0.944444 0.059731 0.163794 -0.984685
0.121585 0.6867 -3.93874 0.222222 0.944444 0.0303962 0.171675 -0.984685
0.000555306 0.69738 -3.93874 0.25 0.944444 0.000138827 0.174345 -0.984685
-0.120491 0.686893 -3.93874 0.277778 0.944444 -0.0301228 0.171723 -0.984685
-0.23788 0.655555 -3.93874 0.305556 0.944444 -0.0594701 0.163889 -0.984685
-0.348049 0.604319 -3.93874 0.333333 0.944444 -0.0870122 0.15108 -0.984685
-0.447653 0.53474 -3.93874 0.361111 0.944444 -0.111913 0.133685 -0.984685
-0.533669 0.448929 -3.93874 0.388889 0.944444 -0.133417 0.112232 -0.984685
-0.603486 0.349492 -3.93874 0.416667 0.944444 -0.150872 0.0873729 -0.984685
-0.654985 0.239446 -3.93874 0.444444 0.944444 -0.163746 0.0598614 -0.984685
-0.686603 0.122132 -3.93874 0.472222 0.944444 -0.171651 0.0305329 -0.984685
-0.69738 0.00111061 -3.93874 0.5 0.944444 -0.174345 0.000277653 -0.984685
-0.686988 -0.119944 -3.93874 0.527778 0.944444 -0.171747 -0.029986 -0.984685
-0.655744 -0.237358 -3.93874 0.555556 0.944444 -0.163936 -0.0593396 -0.984685
-0.604596 -0.347568 -3.93874 0.583333 0.944444 -0.151149 -0.0868919 -0.984685
-0.535096 -0.447227 -3.93874 0.611111 0.944444 -0.133774 -0.111807 -0.984685
-0.449354 -0.533311 -3.93874 0.638889 0.944444 -0.112338 -0.133328 -0.984685
-0.349972 -0.603208 -3.93874 0.666667 0.944444 -0.087493 -0.150802 -0.984685
-0.239967 -0.654794 -3.93874 0.694444 0.944444 -0.0599918 -0.163699 -0.984685
-0.122678 -0.686505 -3.93874 0.722222 0.944444 -0.0306696 -0.171626 -0.984685
-0.001666 -0.697379 -3.93874 0.75 0.944444 -0.0004165 -0.174345 -0.984685
0.119397 -0.687084 -3.93874 0.777778 0.944444 0.0298493 -0.171771 -0.984685
0.236836 -0.655933 -3.93874 0.805556 0.944444 0.059209 -0.163983 -0.984685
0.347086 -0.604873 -3.93874 0.833333 0.944444 0.0867715 -0.151218 -0.984685
0.446801 -0.535452 -3.93874 0.861111 0.944444 0.1117 -0.133863 -0.984685
0.532953 -0.449778 -3.93874 0.888889 0.944444 0.133238 -0.112445 -0.984685
0.602929 -0.350452 -3.93874 0.916667 0.944444 0.150732 -0.087613 -0.984685
0.654603 -0.240488 -3.93874 0.944444 0.944444 0.163651 -0.0601221 -0.984685
0.686408 -0.123225 -3.93874 0.972222 0.944444 0.171602 -0.0308062 -0.984685
0.697377 -0.00222122 -3.93874 1 0.944444 0.174344 -0.000555305 -0.984685
0.0031851 0 -4 0 1 0.000796274 0 -1
0.00313676 0.000552809 -4 0.0277778 1 0.000784189 0.000138202 -1
0.0029932 0.00108884 -4 0.0555556 1 0.000748301 0.000272209 -1
0.0027588 0.00159182 -4 0.0833333 1 0.000689699 0.000397954 -1
0.00244065 0.00204648 -4 0.111111 1 0.000610163 0.000511619 -1
0.00204842 0.00243902 -4 0.138889 1 0.000512105 0.000609755 -1
0.00159401 0.00275753 -4 0.166667 1 0.000398503 0.000689382 -1
0.00109122 0.00299234 -4 0.194444 1 0.000272805 0.000748084 -1
0.000555306 0.00313632 -4 0.222222 1 0.000138827 0.000784079 -1
2.53621e-06 0.0031851 -4 0.25 1 6.34053e-07 0.000796274 -1
-0.000550311 0.0031372 -4 0.277778 1 -0.000137578 0.000784299 -1
-0.00108645 0.00299407 -4 0.305556 1 -0.000271613 0.000748518 -1
-0.00158962 0.00276006 -4 0.333333 1 -0.000397405 0.000690016 -1
-0.00204453 0.00244228 -4 0.361111 1 -0.000511133 0.00061057 -1
-0.00243739 0.00205036 -4 0.388889 1 -0.000609347 0.00051259 -1
-0.00275626 0.00159621 -4 0.416667 1 -0.000689065 0.000399052 -1
-0.00299147 0.0010936 -4 0.444444 1 -0.000747867 0.000273401 -1
-0.00313587 0.000557803 -4 0.472222 1 -0.000783968 0.000139451 -1
-0.00318509 5.07242e-06 -4 0.5 1 -0.000796273 1.26811e-06 -1
-0.00313763 -0.000547813 -4 0.527778 1 -0.000784408 -0.000136953 -1
-0.00299494 -0.00108407 -4 0.555556 1 -0.000748734 -0.000271017 -1
-0.00276133 -0.00158742 -4 0.583333 1 -0.000690332 -0.000396855 -1
-0.00244391 -0.00204259 -4 0.611111 1 -0.000610977 -0.000510647 -1
-0.0020523 -0.00243575 -4 0.638889 1 -0.000513076 -0.000608939 -1
-0.0015984 -0.00275499 -4 0.666667 1 -0.0003996 -0.000688747 -1
-0.00109599 -0.0029906 -4 0.694444 1 -0.000273996 -0.000747649 -1
-0.0005603 -0.00313543 -4 0.722222 1 -0.000140075 -0.000783857 -1
-7.60901e-06 -0.00318509 -4 0.75 1 -1.90225e-06 -0.000796272 -1
0.000545314 -0.00313807 -4 0.777778 1 0.000136329 -0.000784517 -1
0.00108168 -0.0029958 -4 0.805556 1 0.000270421 -0.000748949 -1
0.00158522 -0.00276259 -4 0.833333 1 0.000396305 -0.000690648 -1
0.00204064 -0.00244553 -4 0.861111 1 0.00051016 -0.000611383 -1
0.00243412 -0.00205424 -4 0.888889 1 0.00060853 -0.00051356 -1
0.00275371 -0.00160059 -4 0.916667 1 0.000688429 -0.000400149 -1
0.00298972 -0.00109837 -4 0.944444 1 0.00074743 -0.000274591 -1
0.00313498 -0.000562796 -4 0.972222 1 0.000783745 -0.000140699 -1
0.00318508 -1.01448e-05 -4 1 1 0.00079627 -2.53621e-06 -1

